     19.7917     66.9583 100060 100019
     19.7917      66.875 100019 100061
     20.2917     66.7083 100061      0
      20.375     66.4583 100064      0
      20.875     64.7083 100169      0
     15.5417     64.4583 100175 100100
     19.0417     64.4583 100134 100042
     20.2917     63.7917 100042 100042
      16.625     63.5417 100100      0
     15.2083     63.2917 100232 100233
     15.2917     63.2083 100233 100234
      15.625     63.2083 100234      0
     15.0417      62.125 100231      0
      14.875     62.0417 100230 100231
     7.79167     61.2917 100083      0
     28.7083     61.2083 100132      0
     7.20833      60.875 100103 100103
     7.29167      60.875 100027 100103
      17.375     60.5417 100176      0
      11.375     60.0417 100204 100206
     9.95833     59.9583 100200      0
     11.2917     59.9583 100206 100127
       7.875      59.625 100099 100073
     11.2917      59.625 100127 100126
       6.625     59.5417 100006      0
     9.20833     59.5417 100199      0
     11.2917     59.5417 100126 100201
     8.04167     59.4583 100073      0
     11.0417     59.2917 100201      0
       6.125      58.625 100117      0
     6.70833      58.625 100020      0
       8.625      58.625 100198      0
      12.375      58.375 100196 100194
     12.2917     58.2917 100194 100197
      12.125      58.125 100197      0
     24.2917      56.875 100077      0
     24.7083     56.7917 100104 100077
     25.2083     56.5417 100024 100104
      -5.125      56.375 100078      0
    -4.29167     55.2083 100215 100212
    -4.20833     55.2083 100211 100212
    -4.20833      55.125 100212 100214
    -4.04167      54.875 100214      0
     23.9583      54.875 100207      0
     24.2083     54.7917 100023 100207
     18.0417     54.7083 100036      0
    -8.20833     54.4583 100210 100210
      -8.125     54.4583 100209 100210
    -1.20833     52.9583 100121      0
    -8.54167     52.7083 100208      0
      19.125      52.625 100165      0
     9.04167     51.2083 100059      0
     11.0417     50.5417 100013      0
      12.875     50.5417 100014      0
       5.875      50.375 100009      0
     17.2083      50.125 100040      0
       4.625     49.9583 100034      0
     6.20833     49.9583 100003      0
      14.375     49.9583 100241      0
     14.4583      49.875 100240 100241
     14.4583     49.7917 100229 100241
     19.2083     49.7917 100052 100165
     14.2917      49.625 100239 100229
     14.2083     49.5417 100086 100239
      16.125      49.125 100065 100008
      19.875     49.0417 100030 100008
       8.125      48.875 100167      0
     7.95833     48.7083 100144 100167
     7.79167     48.5417 100145 100144
     13.7083     48.5417 100193 100125
     7.70833      48.375 100146 100145
     14.0417      48.375 100125 100143
      15.875      48.375 100122 100124
     16.2083      48.375 100124 100170
     7.70833     48.2917 100147 100146
      14.125     48.2917 100143 100192
     14.4583     48.2083 100192 100136
     14.7083     48.2083 100136 100131
     15.0417     48.2083 100131 100139
     15.2917     48.2083 100139 100122
     16.4583     48.2083 100170 100008
       7.625      48.125 100148 100147
     7.54167     48.0417 100149 100148
     7.54167      47.875 100150 100149
     17.5417      47.875 100035 100008
     7.54167     47.7917 100151 100150
     7.54167      47.625 100152 100151
       7.875      47.625 100018 100171
       8.125      47.625 100185 100183
       7.625     47.5417 100190 100152
     7.70833     47.5417 100188 100190
     7.79167     47.5417 100171 100188
       7.875     47.5417 100182 100171
     7.95833     47.5417 100090 100182
     8.04167     47.5417 100183 100090
       8.375     47.5417 100186 100185
     10.9583     47.2917 100050 100193
     11.0417     47.2083 100102 100193
       9.875      47.125 100053 100186
     10.7083     47.0417 100079 100050
      13.375     47.0417 100031 100163
     10.0417     46.9583 100046 100053
     13.2917      46.875 100032 100163
     11.7083     46.7917 100219 100218
     8.20833     46.7083 100106 100183
     11.5417      46.625 100218      0
     15.0417      46.625 100163 100162
      15.125      46.625 100162 100161
     15.2917      46.625 100161 100160
      15.375      46.625 100160 100159
     8.29167     46.5417 100094 100106
     15.4583     46.5417 100159 100158
      15.625     46.5417 100158 100157
     15.7083     46.5417 100157 100156
     8.79167     46.4583 100180 100177
       8.875     46.4583 100179 100177
      10.375     46.4583 100109 100075
     15.7917     46.4583 100156 100155
     8.95833      46.375 100177 100015
     15.9583      46.375 100155 100154
     16.0417      46.375 100154 100226
     16.2917      46.375 100226 100227
     7.79167     46.2917 100181 100004
     10.2917     46.2917 100075 100217
     16.4583     46.2917 100227 100228
     16.7083     46.2917 100228 100008
     6.04167     46.2083 100187 100076
     7.04167     46.2083 100191 100187
     7.29167     46.2083 100004 100191
      10.375     46.2083 100016 100075
     5.79167     46.0417 100076 100224
     7.29167     46.0417 100101 100191
     8.70833     46.0417 100015 100217
      10.375     46.0417 100044      0
     10.9583     46.0417 100092      0
     15.2917     46.0417 100238 100237
     6.70833     45.9583 100225 100187
      15.375     45.9583 100237 100236
     15.4583     45.9583 100236 100235
      15.625      45.875 100235 100008
       7.125     45.7083 100216 100217
     6.79167      45.625 100096 100062
     23.7917     45.4583 100049      0
     2.45833      45.375 100166 100123
     5.95833      45.375 100062 100138
     4.79167     45.2917 100224 100141
     6.54167     45.2083 100029 100062
     6.70833     45.2083 100089 100029
     2.04167      45.125 100123      0
     6.04167      45.125 100001 100138
       9.875      45.125 100217      0
     4.79167     45.0417 100141 100138
     5.70833     44.9583 100087 100138
     4.79167     44.7917 100138 100168
       2.625     44.7083 100022      0
     22.5417      44.625 100008 100095
     4.70833     44.5417 100168 100221
     4.70833     44.4583 100221 100093
     6.29167     44.4583 100082 100222
       4.625     44.2917 100093 100164
      22.625     44.2917 100095      0
     4.70833      44.125 100164 100222
     2.79167     44.0417 100070      0
     4.79167     43.9583 100222 100135
       4.625     43.7917 100135      0
     16.7083     43.4583 100054 100054
      13.375     42.5417 100118      0
      23.875     42.2083 100025      0
     8.20833      41.875 100038   1e31
    -6.29167     41.4583 100085 100068
      -6.375      41.375 100068 100074
    0.291667      41.375 100097 100105
      14.125      41.375 100017      0
      24.375      41.375 100081      0
    -6.45833     41.2917 100074 100005
    -6.29167     41.2917 100028 100074
    0.458333     41.2917 100105      0
      -6.625     41.2083 100005 100047
       7.375     41.2083 100130   1e31
      -8.125      41.125 100137 100172
    -7.70833      41.125 100142 100137
      -7.125      41.125 100140 100142
    -8.45833     41.0417 100172      0
    -6.79167     41.0417 100047 100140
      -0.875     39.2917 100026      0
     16.7917     39.2083 100173      0
     21.4583      38.875 100072      0
    -7.45833     38.2083 100048      0
      15.125      37.125 100051      0
    -4.79167     36.9583 100084      0
